0
1
2
3
1
2
2
3
3
4
3
4
5
4
5
6
6
5
5
4
5
6
6
4
5
2
5
7
7
6
7
6
6
7
4
5
3
5
7
5
8
7
5
8
8
8
6
7
3
6
4
8
6
7
9
4
9
9
8
5
7
3
9
6
8
5
7
10
10
7
6
11
4
7
11
5
8
4
9
9
9
7
6
6
10
7
10
6
7
3
6
7
7
10
7
5
8
10
12
5
7
7
7
10
8
5
10
8
6
7
6
7
8
9
7
6
7
11
8
8
8
8
8
8
5
9
7
8
4
8
8
11
6
9
8
6
12
9
6
8
7
12
13
9
4
8
10
13
6
8
13
4
8
9
10
8
9
8
6
9
8
6
9
8
9
7
8
7
14
9
12
11
10
5
8
10
11
8
7
10
11
9
9
6
5
6
9
10
11
6
8
9
10
9
7
6
10
8
13
6
9
5
11
9
9
10
11
9
8
11
12
15
12
10
7
9
13
4
13
9
8
11
9
12
11
9
12
9
10
9
13
8
9
6
14
11
7
8
13
12
9
10
7
10
12
11
12
9
10
8
9
6
14
15
7
7
9
9
9
10
7
9
7
7
10
9
10
10
7
5
9
11
8
12
5
11
11
10
4
10
5
12
13
12
14
10
7
8
16
15
11
9
6
7
8
10
11
10
16
16
11
11
9
9
13
12
12
7
15
11
10
8
9
8
9
10
11
9
8
11
8
6
12
11
8
8
10
9
9
10
8
10
10
8
8
8
12
7
5
8
12
11
7
6
10
11
8
9
8
8
9
9
11
11
13
12
10
8
10
9
9
7
11
15
9
11
11
10
7
8
8
9
10
7
11
10
13
10
12
9
16
8
9
8
8
11
12
6
11
5
9
14
6
11
9
14
11
10
10
12
11
13
11
9
12
12
10
8
11
12
10
8
16
10
12
10
12
9
7
12
11
10
13
17
9
14
10
7
10
13
17
9
12
13
12
11
13
12
13
9
13
11
10
13
8
7
13
14
10
11
10
11
14
8
15
10
14
10
8
12
13
6
8
9
10
12
13
9
7
18
9
10
14
9
10
18
12
10
9
11
10
12
10
14
11
9
8
9
9
10
9
13
5
8
6
13
15
11
10
15
9
9
12
10
18
10
9
14
9
9
12
12
13
12
10
12
7
9
13
12
9
8
14
12
10
11
11
11
9
12
9
13
10
13
14
8
8
11
10
11
12
10
10
14
11
12
9
13
9
6
14
6
11
10
9
11
7
11
11
12
12
10
11
11
10
13
10
7
10
14
7
12
9
12
11
7
15
12
12
12
11
7
14
12
10
12
7
7
10
8
14
16
14
9
10
11
11
11
15
11
14
10
9
14
14
13
15
9
13
7
11
13
13
12
12
11
13
9
17
13
14
14
10
11
12
11
12
6
15
11
11
19
7
13
9
10
8
12
13
16
10
9
13
11
15
9
17
8
5
11
7
9
11
9
13
7
8
13
12
13
12
11
4
12
8
12
13
12
9
11
10
8
13
9
10
10
14
13
12
11
13
14
16
10
11
14
10
15
16
12
12
12
9
9
7
18
12
11
15
11
11
9
15
13
14
15
14
11
10
10
14
13
9
12
10
11
10
9
9
9
8
6
12
6
11
11
14
10
15
9
12
12
11
10
13
11
11
14
11
13
12
11
11
10
11
11
16
8
12
10
13
10
12
12
12
15
15
11
13
11
12
10
13
11
18
19
12
11
12
16
8
8
12
12
14
9
8
11
10
9
10
13
12
10
10
13
14
12
13
12
11
20
12
11
13
13
10
11
13
10
11
9
14
16
12
15
10
12
11
16
14
8
13
10
6
12
12
11
9
13
16
10
14
13
14
10
8
14
17
11
12
9
13
12
12
17
11
11
13
8
8
14
13
13
10
11
12
13
14
11
10
16
14
12
11
10
12
11
13
15
11
13
13
13
14
15
11
13
16
15
15
11
12
10
8
14
18
13
13
10
13
14
8
15
12
14
11
11
13
11
11
12
11
12
13
9
8
15
8
15
15
12
9
9
14
14
13
9
7
11
14
14
10
16
12
14
8
11
12
12
13
12
14
13
12
13
9
14
14
12
13
12
16
10
19
6
12
13
14
4
13
13
13
13
9
10
11
13
12
14
12
12
13
14
6
13
13
12
11
13
16
10
12
13
10
10
13
14
13
13
20
15
12
15
16
12
12
20
17
15
11
9
15
13
7
14
14
13
12
15
10
14
14
9
8
11
12
7
13
18
13
12
12
12
14
10
15
10
15
10
13
11
12
17
16
10
13
16
8
5
5
