914
580
889
664
800
755
567
82
211
473
677
768
288
562
695
939
14
1002
542
965
443
456
235
521
820
772
941
867
686
860
130
109
224
313
17
234
336
342
420
250
455
463
513
757
437
283
907
769
489
753
417
217
322
106
989
705
297
315
775
127
346
873
626
657
879
74
236
936
265
454
4
360
431
742
304
631
104
684
428
169
553
330
523
938
756
214
866
478
395
824
64
927
671
222
918
458
770
801
552
813
556
662
445
904
81
161
621
922
568
21
778
668
33
533
646
880
599
678
629
897
806
921
253
734
399
706
777
687
569
311
559
327
213
193
281
11
605
647
571
350
186
1009
411
347
368
61
345
286
397
89
29
245
149
363
987
101
887
7
498
69
616
946
576
408
506
959
471
942
402
534
943
615
208
648
583
759
205
805
832
785
424
659
31
771
680
807
901
776
660
956
764
628
947
166
467
982
584
376
924
278
547
858
344
895
466
516
1008
630
720
486
536
543
900
1017
126
544
635
449
634
174
831
324
160
979
999
325
53
808
798
244
619
416
472
173
270
349
973
953
139
912
296
248
812
1001
413
121
913
779
362
156
955
232
146
698
874
870
911
195
643
579
319
1005
882
767
830
966
633
1010
618
993
425
696
598
515
140
673
230
145
426
575
44
94
962
93
295
823
653
600
614
692
366
981
301
299
617
32
180
380
716
795
351
204
95
658
558
386
829
674
207
722
1014
184
728
481
883
546
423
656
841
436
803
477
514
266
212
574
608
461
459
182
148
340
717
624
681
22
427
339
644
495
522
909
389
256
30
915
429
967
853
573
784
588
111
711
271
43
877
596
783
59
627
382
71
157
957
42
723
958
781
980
422
620
252
496
545
511
814
499
855
985
5
264
432
793
26
732
919
994
1
9
655
316
582
433
689
190
488
381
715
137
179
591
258
1003
147
535
409
323
983
203
854
287
761
142
666
88
708
816
40
586
415
361
577
277
762
197
509
682
483
845
124
317
206
971
529
818
374
177
519
175
482
291
650
707
525
526
713
844
1012
861
752
28
750
86
97
540
151
290
676
719
697
199
916
541
102
898
98
8
398
96
41
790
972
162
491
508
493
75
885
18
497
242
200
12
136
930
846
859
134
727
736
434
738
703
479
834
564
392
585
457
79
763
120
996
201
612
603
710
113
561
984
594
868
944
607
694
651
817
168
1000
83
976
503
517
587
667
216
62
383
378
34
622
739
333
129
348
931
227
262
838
974
679
335
338
430
52
549
10
872
310
826
828
788
842
87
850
654
202
440
125
730
729
314
263
385
255
743
683
56
158
899
37
737
492
464
107
741
754
23
670
735
532
400
977
782
357
1019
773
809
950
99
840
891
285
73
494
933
704
243
453
470
611
198
85
669
369
261
1018
292
836
945
480
565
403
765
219
892
3
0
975
159
563
699
371
935
178
105
964
925
871
661
132
827
221
992
721
442
48
387
524
815
135
191
512
447
329
394
758
119
38
510
952
259
76
150
649
833
923
799
852
714
36
968
504
373
878
780
802
225
613
825
501
226
638
282
881
988
537
233
435
377
986
122
272
388
441
55
786
745
359
305
280
894
665
961
550
581
595
593
141
560
740
6
530
321
502
254
796
905
412
839
1013
45
65
1004
267
888
308
353
341
328
797
746
133
108
153
326
460
637
725
864
998
531
641
865
718
196
566
220
554
484
446
701
1007
835
176
1011
289
636
731
528
103
117
405
58
154
298
187
307
393
300
163
167
367
269
610
760
172
518
401
948
189
903
632
25
869
247
642
352
623
527
468
539
60
123
384
578
847
819
49
164
876
84
465
724
928
20
789
337
474
241
27
404
188
811
450
949
115
231
693
920
318
452
792
15
240
183
46
507
893
306
80
794
24
275
951
70
68
210
118
787
91
144
995
601
396
365
66
274
334
181
548
1015
766
862
439
418
114
849
462
970
733
969
690
645
185
557
625
726
592
276
438
476
194
688
848
821
748
273
419
379
246
143
709
997
896
672
257
110
837
302
505
165
978
229
309
751
747
358
128
320
331
223
354
63
589
675
744
391
640
421
954
171
851
209
2
990
19
170
960
570
469
551
791
356
597
652
131
237
228
238
451
372
77
906
875
312
917
538
475
604
444
155
448
822
572
152
886
138
485
940
284
910
890
192
47
251
937
639
810
72
54
590
249
90
908
963
239
685
1006
749
370
602
35
926
375
260
902
774
555
490
355
294
1016
934
487
712
663
884
67
856
932
13
92
991
609
116
293
500
410
929
606
843
857
279
50
218
407
78
414
364
100
343
691
57
215
51
268
863
702
332
520
700
406
390
112
804
39
16
303
