8
16
11
7
11
9
13
20
16
18
13
6
10
8
9
6
16
8
16
11
18
12
10
15
10
7
11
7
7
11
18
10
11
18
18
14
13
9
12
16
12
11
12
10
10
19
10
9
15
12
15
11
15
22
8
8
7
9
6
13
16
5
9
13
8
19
11
7
12
15
16
11
12
7
11
9
15
14
15
11
11
16
13
9
15
11
12
16
18
12
14
13
11
12
11
13
14
7
13
15
16
10
13
12
10
8
14
13
14
16
6
12
7
14
10
14
12
9
12
8
13
13
13
8
14
16
16
14
6
13
15
9
10
18
10
6
10
14
9
17
13
11
10
12
14
11
13
9
13
11
8
12
18
21
10
11
12
8
15
12
10
11
9
16
17
6
8
10
11
18
8
18
11
13
15
14
16
14
15
9
13
14
16
13
14
13
9
5
13
10
15
11
10
14
17
10
16
14
12
8
10
13
12
6
17
9
13
12
11
7
12
15
6
8
18
13
17
9
9
9
13
16
17
10
7
15
15
12
10
10
16
19
9
14
9
16
6
10
14
14
14
10
12
6
12
12
11
14
11
14
13
11
20
8
17
10
13
13
8
14
14
12
11
12
10
15
14
7
16
14
17
14
15
18
12
13
11
11
8
10
15
6
16
15
17
13
17
13
11
15
11
11
12
11
14
12
8
17
9
11
12
11
13
13
9
14
12
11
12
13
9
7
15
7
6
14
10
20
9
8
15
16
12
15
8
7
14
22
17
12
13
18
9
4
12
10
17
26
13
16
15
16
12
12
13
12
9
11
8
14
12
19
14
7
13
20
12
9
6
19
5
15
11
11
9
12
14
10
11
11
12
10
13
8
22
14
9
14
12
14
18
14
11
15
12
13
11
15
17
18
11
11
9
22
9
17
11
11
18
15
12
14
19
8
10
13
17
8
12
12
14
17
14
12
10
10
9
11
17
14
14
8
21
16
7
13
13
13
15
6
13
14
12
13
12
11
14
10
19
13
9
12
7
12
9
16
9
13
13
19
11
8
6
18
10
16
12
9
22
11
12
14
12
10
15
7
11
14
13
18
7
13
12
19
11
17
10
13
10
14
14
9
26
13
13
16
12
14
15
21
8
12
14
11
12
8
13
11
16
15
7
8
11
10
14
12
14
9
12
16
12
13
17
13
16
13
11
13
23
14
14
5
12
21
13
12
11
14
15
13
14
17
19
15
13
11
7
16
8
17
18
17
9
14
21
20
4
12
13
12
13
18
15
12
11
17
14
13
20
8
11
11
14
17
11
16
10
12
12
11
15
11
13
11
7
15
5
20
11
12
18
20
8
12
11
16
10
10
10
9
12
9
11
8
11
10
18
10
12
12
15
9
17
13
6
16
17
20
15
14
16
27
10
9
9
18
7
11
16
16
19
8
10
15
11
15
17
13
12
12
23
11
14
11
11
13
20
13
11
10
9
13
19
9
17
16
8
18
11
15
15
20
13
10
11
16
10
16
15
16
12
14
14
9
9
10
16
16
12
15
15
13
12
10
10
14
8
13
11
13
17
13
15
7
13
12
16
11
11
12
9
17
9
15
13
13
8
11
12
9
18
13
10
9
17
10
16
13
13
10
8
13
21
13
12
14
9
13
17
12
24
10
16
15
17
14
13
13
15
10
18
10
13
17
12
8
11
13
12
10
17
19
16
15
16
8
10
14
19
9
10
7
17
9
15
12
18
10
12
15
12
19
10
18
8
19
16
13
15
14
7
11
13
8
14
11
11
14
12
13
20
6
12
15
15
10
19
16
10
15
12
13
14
14
20
10
11
16
20
12
14
6
20
18
12
11
12
23
13
6
14
19
19
15
9
17
10
21
16
13
8
11
18
7
14
10
13
15
9
18
20
9
21
16
11
9
9
15
10
15
9
20
12
14
23
9
11
13
13
13
12
13
10
11
13
12
14
8
23
20
16
18
14
9
13
12
14
17
12
10
15
8
14
12
14
13
15
17
13
12
11
16
17
15
16
10
18
13
10
12
8
18
16
7
13
14
16
16
14
10
14
7
14
15
13
14
17
10
15
14
10
14
7
9
11
14
18
19
16
9
8
14
15
10
16
12
10
9
20
18
18
9
7
18
13
13
12
15
12
12
12
14
8
15
21
13
15
15
16
14
13
15
12
13
6
8
12
13
9
18
10
15
13
17
11
12
9
14
18
19
12
16
17
13
9
19
19
12
7
21
8
13
12
21
12
11
9
11
18
12
15
19
11
15
13
11
12
17
9
12
10
11
15
14
14
12
11
10
10
15
20
14
14
11
10
15
19
17
15
18
0
