0
1
2
2
2
1
6
3
6
5
3
5
3
3
4
2
6
6
3
8
4
6
4
7
6
7
5
6
9
6
10
5
6
5
12
7
5
7
8
7
8
7
6
8
7
6
5
9
10
5
8
9
9
12
8
6
8
9
5
3
9
7
9
13
8
7
8
6
5
10
6
6
8
10
7
10
6
7
10
11
6
9
10
9
6
8
15
8
7
9
7
9
9
12
14
8
12
7
8
10
4
6
7
6
6
10
11
7
9
12
6
3
2
14
8
13
9
9
5
7
11
11
5
7
11
11
8
5
10
6
8
12
11
7
9
8
12
5
8
10
5
10
4
13
14
5
9
10
9
6
7
15
9
17
13
8
8
7
8
12
14
11
11
13
8
9
12
9
8
8
13
9
8
14
12
10
8
8
13
8
11
6
10
13
10
6
13
9
4
12
10
10
14
10
8
9
6
11
7
16
9
12
8
9
9
9
3
8
11
11
13
8
8
13
9
14
8
7
9
12
10
13
14
7
14
15
6
12
9
10
6
9
9
11
5
17
15
8
13
8
10
8
11
11
11
8
13
13
10
8
11
13
9
9
9
13
14
7
6
11
5
12
11
10
10
8
3
5
16
8
11
10
8
10
10
15
11
5
9
10
11
15
8
9
8
17
11
17
12
7
9
14
10
12
9
9
13
6
9
7
14
8
13
10
9
14
9
10
12
10
12
10
10
11
6
11
14
8
13
7
14
11
11
7
13
9
7
13
11
12
13
13
11
14
15
7
12
18
6
17
12
15
8
13
10
11
11
8
15
11
8
12
5
18
11
18
7
12
16
15
9
8
6
15
12
9
17
8
14
9
7
16
8
13
9
12
7
8
9
5
11
9
14
10
14
13
14
10
14
11
10
16
9
6
7
17
8
12
8
9
9
12
12
9
10
17
9
13
8
12
9
12
15
9
14
8
7
9
9
14
11
13
13
11
13
8
13
13
12
12
12
19
12
7
12
9
10
13
12
15
15
10
12
10
12
14
14
7
18
17
15
12
10
21
6
13
14
15
8
11
6
14
11
13
10
12
8
9
11
13
18
5
9
17
11
9
12
8
17
14
13
11
16
8
11
10
17
13
12
13
12
14
17
7
10
11
14
11
15
13
13
13
13
14
11
9
14
10
12
14
10
20
7
13
12
11
13
10
12
17
14
11
17
18
13
16
12
7
16
16
12
9
11
10
11
15
15
15
11
3
18
8
11
9
12
11
20
11
10
11
10
9
13
13
15
13
14
10
11
13
10
13
12
9
13
17
14
13
16
18
4
10
12
13
8
18
12
13
9
9
14
14
11
11
11
14
9
12
16
7
7
13
10
13
18
18
11
8
11
15
10
17
9
17
8
12
9
12
16
17
10
15
0
13
12
8
15
16
12
16
9
13
14
13
11
9
10
21
10
8
9
13
15
17
19
8
13
13
16
13
14
8
16
14
15
8
14
10
12
19
8
14
15
8
13
13
5
12
11
19
9
12
7
13
19
12
12
11
8
22
12
13
6
14
10
18
10
10
13
10
17
14
9
11
10
10
11
14
11
14
13
16
8
12
18
14
11
9
10
22
15
7
8
13
15
10
14
18
11
7
13
7
12
14
17
16
12
11
14
12
20
16
20
18
12
10
19
11
16
14
9
13
6
11
12
13
8
11
7
11
5
2
0
21
18
6
12
14
11
16
14
13
10
10
9
7
14
10
14
17
13
17
8
16
13
7
22
19
17
11
15
15
5
12
16
13
11
8
19
14
18
4
16
12
10
14
9
15
16
15
8
21
20
18
12
17
13
13
11
14
8
15
15
14
11
11
11
7
9
15
20
11
15
12
16
8
8
16
12
15
15
15
15
11
12
14
9
13
14
10
10
11
9
14
18
16
16
10
11
10
10
16
9
15
21
10
12
12
5
12
7
10
11
13
17
11
10
16
14
11
12
12
16
16
13
7
13
9
5
13
8
9
15
11
15
12
7
17
6
9
24
9
18
11
16
13
12
11
11
12
13
11
9
21
14
15
18
12
14
10
12
12
20
16
17
13
17
18
15
15
15
14
17
14
14
11
14
13
14
16
4
14
20
13
13
13
14
10
18
8
13
11
13
18
13
10
12
6
4
10
21
8
18
18
12
15
9
19
11
9
17
12
9
14
22
22
10
13
12
14
16
17
13
9
8
17
10
12
13
9
9
15
14
10
14
20
11
10
8
13
14
15
11
16
11
13
14
10
15
9
12
9
18
16
12
10
14
13
12
12
16
14
13
12
17
14
15
16
17
12
17
14
22
17
18
13
14
11
10
9
0
